==============================================================================================================
FORECASTING TEMPORAL CROSS-VALIDATION AUDIT
==============================================================================================================

Training rows: 700
Repositories: 22
Target: future_4week_stars
Purge gap: 4 weeks
Test data: not loaded

==============================================================================================================
CONFIGURATION SUMMARY
==============================================================================================================
 n_splits  validation_samples_per_repo  gap_samples  folds  minimum_eligible_repositories  minimum_train_rows  minimum_validation_rows  mean_validation_target  std_validation_target  total_overlap_violations         best_baseline  best_baseline_mean_rmsle  best_baseline_std_rmsle  best_baseline_mean_mae  best_baseline_mean_rmse  best_baseline_mean_smape  best_baseline_mean_bias
        3                            1            4      3                             22                 546                       22              107.045455               2.065058                         0 rolling_3week_mean_x4                  0.596798                 0.167399               40.146465                58.621976                  0.398448               -14.803030
        3                            2            4      3                             20                 482                       40               98.575000               8.055433                         0 rolling_3week_mean_x4                  0.633249                 0.138592               44.680556                79.437860                  0.419396                -3.119444
        4                            1            4      4                             21                 524                       21              106.523810               2.239277                         0 rolling_3week_mean_x4                  0.618249                 0.169786               45.246032                74.770006                  0.397969                -7.253968
        4                            2            4      4                             19                 443                       38               94.342105               6.588344                         0  previous_4week_total                  0.662195                 0.122414               44.184211                86.333521                  0.408829                -2.907895
        5                            1            4      5                             21                 503                       21              103.942857               6.088296                         0 rolling_3week_mean_x4                  0.630289                 0.149483               46.965079                81.455475                  0.409467                -2.990476
        5                            2            4      5                             15                 408                       30               84.486667              10.931062                         0  previous_4week_total                  0.588613                 0.127138               32.873333                52.186185                  0.405100                -5.433333

==============================================================================================================
BASELINE SUMMARY
==============================================================================================================
 n_splits  validation_samples_per_repo  gap_samples              baseline  folds  mean_rmsle  std_rmsle  mean_mae  mean_rmse  mean_smape  mean_forecast_bias
        3                            1            4          last_week_x4      3    0.695028   0.166668 37.409091  56.513470    0.432343          -10.075758
        3                            1            4  previous_4week_total      3    0.630794   0.184000 47.969697  76.433678    0.426590          -10.909091
        3                            1            4      previous_week_x4      3    0.787067   0.205235 45.530303  65.784427    0.499540          -17.530303
        3                            1            4 rolling_3week_mean_x4      3    0.596798   0.167399 40.146465  58.621976    0.398448          -14.803030
        3                            2            4          last_week_x4      3    0.688658   0.127318 47.375000  89.996598    0.452223            3.558333
        3                            2            4  previous_4week_total      3    0.642102   0.144397 45.600000  79.114756    0.420107           -3.666667
        3                            2            4      previous_week_x4      3    0.827488   0.085807 55.975000 111.551153    0.512148           -3.408333
        3                            2            4 rolling_3week_mean_x4      3    0.633249   0.138592 44.680556  79.437860    0.419396           -3.119444
        4                            1            4          last_week_x4      4    0.649991   0.141291 37.833333  57.139960    0.421280          -10.571429
        4                            1            4  previous_4week_total      4    0.633321   0.169926 48.440476  81.411186    0.404717           -6.559524
        4                            1            4      previous_week_x4      4    0.782558   0.163243 50.690476  83.428962    0.490308          -10.190476
        4                            1            4 rolling_3week_mean_x4      4    0.618249   0.169786 45.246032  74.770006    0.397969           -7.253968
        4                            2            4          last_week_x4      4    0.734346   0.149132 45.302632  93.218755    0.449723           -3.526316
        4                            2            4  previous_4week_total      4    0.662195   0.122414 44.184211  86.333521    0.408829           -2.907895
        4                            2            4      previous_week_x4      4    0.846548   0.092899 54.671053 115.099645    0.503628           -3.342105
        4                            2            4 rolling_3week_mean_x4      4    0.675734   0.146243 45.004386  88.507298    0.418809           -3.043860
        5                            1            4          last_week_x4      5    0.673595   0.133260 41.771429  71.320300    0.431241           -4.971429
        5                            1            4  previous_4week_total      5    0.635626   0.147251 47.876190  81.525232    0.411495           -3.914286
        5                            1            4      previous_week_x4      5    0.788881   0.142078 58.342857 108.785326    0.494508            1.200000
        5                            1            4 rolling_3week_mean_x4      5    0.630289   0.149483 46.965079  81.455475    0.409467           -2.990476
        5                            2            4          last_week_x4      5    0.721624   0.137734 36.766667  58.137304    0.467277           -1.713333
        5                            2            4  previous_4week_total      5    0.588613   0.127138 32.873333  52.186185    0.405100           -5.433333
        5                            2            4      previous_week_x4      5    0.808962   0.089357 41.820000  70.018739    0.510911           -4.700000
        5                            2            4 rolling_3week_mean_x4      5    0.623394   0.097103 33.806667  52.700598    0.421338           -4.522222

==============================================================================================================
FOLD DETAILS
==============================================================================================================
 n_splits  validation_samples_per_repo  gap_samples  fold  eligible_repositories  train_rows  validation_rows  train_target_mean  validation_target_mean  train_target_median  validation_target_median  target_window_overlap_violations
        3                            1            4     1                     22         546               22          61.373626              107.954545                 52.0                     100.0                                 0
        3                            1            4     2                     22         568               22          62.883803              108.500000                 53.0                     104.0                                 0
        3                            1            4     3                     22         590               22          63.971186              104.681818                 53.0                      99.0                                 0
        3                            2            4     1                     20         482               40          56.381743               89.275000                 48.0                      90.5                                 0
        3                            2            4     2                     20         522               40          59.249042              103.075000                 51.0                      88.0                                 0
        3                            2            4     3                     20         562               40          62.085409              103.375000                 52.5                      96.5                                 0
        4                            1            4     1                     21         524               21          59.835878              104.857143                 51.0                      88.0                                 0
        4                            1            4     2                     21         545               21          61.469725              108.333333                 52.0                     100.0                                 0
        4                            1            4     3                     21         566               21          63.068905              108.571429                 53.0                     101.0                                 0
        4                            1            4     4                     21         587               21          64.195911              104.333333                 53.0                      98.0                                 0
        4                            2            4     1                     19         443               38          53.939052              100.052632                 47.0                      85.0                                 0
        4                            2            4     2                     19         481               38          56.270270               84.947368                 48.0                      85.0                                 0
        4                            2            4     3                     19         519               38          59.077071               95.052632                 51.0                      87.5                                 0
        4                            2            4     4                     19         557               38          61.872531               97.315789                 52.0                      92.0                                 0
        5                            1            4     1                     21         503               21          58.147117               93.619048                 51.0                      95.0                                 0
        5                            1            4     2                     21         524               21          59.835878              104.857143                 51.0                      88.0                                 0
        5                            1            4     3                     21         545               21          61.469725              108.333333                 52.0                     100.0                                 0
        5                            1            4     4                     21         566               21          63.068905              108.571429                 53.0                     101.0                                 0
        5                            1            4     5                     21         587               21          64.195911              104.333333                 53.0                      98.0                                 0
        5                            2            4     1                     15         408               30          51.742647               78.700000                 43.5                      80.0                                 0
        5                            2            4     2                     15         438               30          53.522831               76.133333                 46.0                      82.0                                 0
        5                            2            4     3                     15         468               30          55.489316               75.100000                 48.0                      79.5                                 0
        5                            2            4     4                     15         498               30          56.887550               94.033333                 48.0                      81.0                                 0
        5                            2            4     5                     15         528               30          57.981061               98.466667                 51.0                      92.0                                 0

Test data was not loaded or evaluated.
